1 0 0 0 0 0 0 1 1 0 0 0 0 0 0 1 1 0 0 0 0 0 0 1 1 0 0 0 0 0 0 1 1 0 0 0 0 0 0 1 1 0 0 0 0 0 0 0 1 
1 0 0 0 0 0 0 1 1 0 0 0 0 0 0 1 1 0 0 0 0 0 0 1 1 0 0 0 0 0 0 1 1 0 0 0 0 0 0 1 1 0 0 0 0 0 0 0 1 
1 0 0 0 0 0 0 1 1 0 0 0 0 0 0 1 1 0 0 0 0 0 0 1 1 0 0 0 0 0 0 1 1 0 0 0 0 0 0 1 1 0 0 0 0 0 0 0 1 
1 0 0 0 0 0 0 1 1 0 0 0 0 0 0 1 1 0 0 0 0 0 0 1 1 0 0 0 0 0 0 1 1 0 0 0 0 0 0 1 1 0 0 0 0 0 0 0 1 
1 0 0 0 0 0 s0 1 1 s1 0 0 0 0 s2 1 1 s3 0 0 0 0 s4 1 1 s5 0 0 0 0 s6 1 1 s7 0 0 0 0 s8 1 1 s9 0 0 0 0 0 0 1 
1 3 0 0 0 0 0 1 1 0 0 0 0 0 0 1 1 0 0 0 0 0 0 1 1 0 0 0 0 0 0 1 1 0 0 0 0 0 0 1 1 0 0 0 0 0 0 3 1 
1 0 0 0 0 0 0 0 0 0 0 0 0 0 0 0 0 0 0 0 0 0 0 1 1 0 0 0 0 0 0 0 0 0 0 0 0 0 0 0 0 0 0 0 0 0 0 0 1 
1 3 0 0 0 0 0 0 0 0 0 0 0 0 0 0 0 0 0 0 0 0 0 1 1 0 0 0 0 0 0 0 0 0 0 0 0 0 0 0 0 0 0 0 0 0 0 3 1 
1 0 0 0 0 0 0 0 0 0 0 0 0 0 0 0 0 0 0 0 0 0 0 0 0 0 0 0 0 0 0 0 0 0 0 0 0 0 0 0 0 0 0 0 0 0 0 0 1 
d0 2 0 0 0 0 0 0 0 0 0 0 0 0 0 0 0 0 0 0 0 0 0 0 0 0 0 0 0 0 0 0 0 0 0 0 0 0 0 0 0 0 0 0 0 0 0 3 1 
d1 2 0 0 0 0 0 0 0 0 0 0 0 0 0 0 0 0 0 0 0 0 0 0 0 0 0 0 0 0 0 0 0 0 0 0 0 0 0 0 0 0 0 0 0 0 0 0 1 
d2 2 0 0 0 0 0 0 0 0 0 0 0 0 0 0 0 0 0 0 0 0 0 0 0 0 0 0 0 0 0 0 0 0 0 0 0 0 0 0 0 0 0 0 0 0 0 2 d3 
d4 2 0 0 0 0 0 0 0 0 0 0 0 0 0 0 0 0 0 0 0 0 0 0 0 0 0 0 0 0 0 0 0 0 0 0 0 0 0 0 0 0 0 0 0 0 0 2 d5 
d6 2 0 0 0 0 0 0 0 0 0 0 0 0 0 3 0 3 0 0 0 0 0 0 0 0 0 0 0 0 0 0 0 3 0 3 0 0 0 0 0 0 0 0 0 0 0 2 d7 
d8 2 0 0 0 0 0 0 0 0 0 0 0 0 0 0 0 0 0 0 0 0 0 0 0 0 0 0 0 0 0 0 0 0 0 0 0 0 0 0 0 0 0 0 0 0 0 2 d9 
d10 2 0 0 0 0 0 0 0 0 0 0 1 1 1 1 1 1 1 0 0 0 0 0 0 0 0 0 0 0 1 1 1 1 1 1 1 0 0 0 0 0 0 0 0 0 0 2 d11 
d12 2 0 0 0 0 0 0 0 0 0 2 d13 1 1 1 1 1 d14 2 0 0 0 0 0 0 0 0 0 2 d15 1 1 1 1 1 d16 2 0 0 0 0 0 0 0 0 0 2 d17 
d18 2 0 0 0 0 0 0 0 0 0 2 d19 1 1 1 1 1 d20 2 0 0 0 0 0 0 0 0 0 2 d21 1 1 1 1 1 d22 2 0 0 0 0 0 0 0 0 0 2 d23 
d24 2 0 0 0 0 0 0 0 0 0 2 d25 1 1 1 1 1 d26 2 0 0 0 0 0 0 0 0 0 2 d27 1 1 1 1 1 d28 2 0 0 0 0 0 0 0 0 0 2 d29 
d30 2 0 0 0 0 0 0 0 0 0 2 d31 1 1 1 1 1 d32 2 0 0 0 0 0 0 0 0 0 2 d33 1 1 1 1 1 d34 2 0 0 0 0 0 0 0 0 0 2 d35 
d36 2 0 0 0 0 0 0 0 0 0 2 d37 1 1 1 1 1 d38 2 0 0 0 1 0 0 0 0 0 2 d39 1 1 1 1 1 d40 2 0 0 0 0 0 0 0 0 0 2 d41 
d42 2 0 0 0 0 0 0 0 0 0 2 d43 1 1 1 1 1 d44 2 0 0 0 1 0 0 0 0 0 2 d45 1 1 1 1 1 d46 2 0 0 0 0 0 0 0 0 0 2 d47 
d48 2 0 0 0 0 0 0 0 0 0 2 d49 1 1 1 1 1 d50 2 0 0 0 0 0 0 0 0 0 2 d51 1 1 1 1 1 d52 2 0 0 0 0 0 0 0 0 0 2 d53 
d54 2 0 0 0 0 0 0 0 0 0 2 d55 1 1 1 1 1 d56 2 0 0 0 0 0 0 0 0 0 2 d57 1 1 1 1 1 d58 2 0 0 0 0 0 0 0 0 0 2 d59 
d60 2 0 0 0 0 0 0 0 0 0 2 d61 1 1 1 1 1 d62 2 0 0 0 0 0 0 0 0 0 2 d63 1 1 1 1 1 d64 2 0 0 0 0 0 0 0 0 0 2 d65 
d66 2 0 0 0 0 0 0 0 0 0 2 d67 1 1 1 1 1 d68 2 0 0 0 0 0 0 0 0 0 2 d69 1 1 1 1 1 d70 2 0 0 0 0 0 0 0 0 0 2 d71 
d72 2 0 0 0 0 0 0 0 0 0 2 d73 1 1 1 1 1 d74 2 0 0 0 0 0 0 0 0 0 2 d75 1 1 1 1 1 d76 2 0 0 0 0 0 0 0 0 0 2 d77 
d78 2 0 0 0 0 0 0 0 0 0 2 d79 1 1 1 1 1 d80 2 0 0 0 0 0 0 0 0 0 2 d81 1 1 1 1 1 d82 2 0 0 0 0 0 0 0 0 0 2 d83 
d84 2 0 0 0 0 0 0 0 0 0 2 d85 1 1 1 1 1 d86 2 0 0 0 0 0 0 0 0 0 2 d87 1 1 1 1 1 d88 2 0 0 0 0 0 0 0 0 0 2 d89 
d90 2 0 0 0 0 0 0 0 0 0 2 d91 1 1 1 1 1 d92 2 0 0 0 0 0 0 0 0 0 2 d93 1 1 1 1 1 d94 2 0 0 0 0 0 0 0 0 0 2 d95 
d96 2 0 0 0 0 0 0 0 0 0 2 d97 1 1 1 1 1 d98 2 0 0 0 0 0 0 0 0 0 2 d99 1 1 1 1 1 d100 2 0 0 0 0 0 0 0 0 0 2 d101 
d102 2 0 0 0 0 0 0 0 0 0 2 d103 1 1 1 1 1 d104 2 0 0 0 0 0 0 0 0 0 2 d105 1 1 1 1 1 d106 2 0 0 0 0 0 0 0 0 0 2 d107 
d108 2 0 0 0 0 0 0 0 0 0 2 d109 1 1 1 1 1 d110 2 0 0 0 0 0 0 0 0 0 2 d111 1 1 1 1 1 d112 2 0 0 0 0 0 0 0 0 0 2 d113 
1 0 2 2 2 2 2 2 2 2 2 2 d114 1 1 1 1 1 d115 2 2 2 2 0 0 2 2 2 2 2 d116 1 1 1 1 1 d117 2 2 2 2 2 2 2 2 2 2 2 d118 
1 1 d119 d120 d121 d122 d123 d124 d125 d126 d127 1 1 1 1 1 1 1 1 1 d128 d129 d130 1 1 d131 d132 d133 d134 1 1 1 1 1 1 1 1 1 d135 d136 d137 d138 d139 d140 d141 d142 d143 1 1 
