5 6 6 6 6 0 2 5 5 2 0 6 6 0 2 5 5 2 0 6 6 0 2 5 5 2 0 6 6 0 2 5 5 2 0 6 6 0 2 5 5 2 0 6 6 6 6 6 5 
5 6 6 6 6 0 2 5 5 2 0 6 6 0 2 5 5 2 0 6 6 0 2 5 5 2 0 6 6 0 2 5 5 2 0 6 6 0 2 5 5 2 0 6 6 6 6 6 5 
5 6 6 6 6 0 2 5 5 2 0 6 6 0 2 5 5 2 0 6 6 0 2 5 5 2 0 6 6 0 2 5 5 2 0 6 6 0 2 5 5 2 0 6 6 6 6 6 5 
5 6 6 6 6 0 2 5 5 2 0 6 6 0 2 5 5 2 0 6 6 0 2 5 5 2 0 6 6 0 2 5 5 2 0 6 6 0 2 5 5 2 0 6 6 6 6 6 5 
5 6 6 6 6 6 5 5 5 5 6 6 6 6 5 5 5 5 6 6 6 6 5 5 5 5 6 6 6 6 5 5 5 5 6 6 6 6 5 5 5 5 6 6 6 6 6 6 5 
5 5 6 6 6 6 6 5 5 6 6 6 6 6 6 5 5 6 6 6 6 6 6 5 5 6 6 6 6 6 6 5 5 6 6 6 6 6 6 5 5 6 6 6 6 6 6 5 5 
5 6 6 6 6 6 6 6 6 6 6 6 6 6 6 6 6 6 6 6 6 6 6 5 5 6 6 6 6 6 6 6 6 6 6 6 6 6 6 6 6 6 6 6 6 6 6 6 5 
5 5 6 6 6 6 6 6 6 6 6 6 6 6 6 6 6 6 6 6 6 6 6 5 5 6 6 6 6 6 6 6 6 6 6 6 6 6 6 6 6 6 6 6 6 6 6 5 5 
5 6 6 6 6 6 6 6 6 6 6 6 6 6 6 6 6 6 6 6 6 6 6 6 6 6 6 6 6 6 6 6 6 6 6 6 6 6 6 6 6 6 6 6 6 6 6 6 5 
5 6 6 6 6 6 6 6 6 6 6 6 6 6 6 6 6 6 6 6 6 6 6 6 6 6 6 6 6 6 6 6 6 6 6 6 6 6 6 6 6 6 6 6 6 6 6 5 5 
5 6 6 6 6 6 6 6 6 6 6 6 6 6 6 6 6 6 6 6 6 6 6 6 6 6 6 6 6 6 6 6 6 6 6 6 6 6 6 6 6 6 6 6 6 6 6 6 5 
5 6 6 6 6 6 6 6 6 6 6 6 6 6 6 6 6 6 6 6 6 6 6 6 6 6 6 6 6 6 6 6 6 6 6 6 6 6 6 6 6 6 6 6 6 6 6 6 5 
5 6 6 6 6 6 6 6 6 6 6 6 6 6 6 6 6 6 6 6 6 6 6 6 6 6 6 6 6 6 6 6 6 6 6 6 6 6 6 6 6 6 6 6 6 6 6 6 5 
5 6 6 6 6 6 6 6 6 6 6 6 6 6 6 5 6 5 6 6 6 6 6 6 6 6 6 6 6 6 6 6 6 5 6 5 6 6 6 6 6 6 6 6 6 6 6 6 5 
5 6 6 6 6 6 6 6 6 6 6 6 6 6 6 6 6 6 6 6 6 6 6 6 6 6 6 6 6 6 6 6 6 6 6 6 6 6 6 6 6 6 6 6 6 6 6 6 5 
5 6 6 6 6 6 6 6 6 6 6 6 5 5 5 5 5 5 5 6 6 6 6 6 6 6 6 6 6 6 5 5 5 5 5 5 5 6 6 6 6 6 6 6 6 6 6 6 5 
5 6 6 6 6 6 6 6 6 6 6 6 5 5 5 5 5 5 5 6 6 6 6 6 6 6 6 6 6 6 5 5 5 5 5 5 5 6 6 6 6 6 6 6 6 6 6 6 5 
5 6 6 6 6 6 6 6 6 6 6 6 5 5 5 5 5 5 5 6 6 6 6 6 6 6 6 6 6 6 5 5 5 5 5 5 5 6 6 6 6 6 6 6 6 6 6 6 5 
5 6 6 6 6 6 6 6 6 6 6 6 5 5 5 5 5 5 5 6 6 6 6 6 6 6 6 6 6 6 5 5 5 5 5 5 5 6 6 6 6 6 6 6 6 6 6 6 5 
5 6 6 6 6 6 6 6 6 6 6 6 5 5 5 5 5 5 5 6 6 6 6 6 6 6 6 6 6 6 5 5 5 5 5 5 5 6 6 6 6 6 6 6 6 6 6 6 5 
5 6 6 6 6 6 6 6 6 6 6 6 5 5 5 5 5 5 5 6 6 6 6 5 6 6 6 6 6 6 5 5 5 5 5 5 5 6 6 6 6 6 6 6 6 6 6 6 5 
5 6 6 6 6 6 6 6 6 6 6 6 5 5 5 5 5 5 5 6 6 6 6 5 6 6 6 6 6 6 5 5 5 5 5 5 5 6 6 6 6 6 6 6 6 6 6 6 5 
5 6 6 6 6 6 6 6 6 6 6 6 5 5 5 5 5 5 5 6 6 6 6 6 6 6 6 6 6 6 5 5 5 5 5 5 5 6 6 6 6 6 6 6 6 6 6 6 5 
5 6 6 6 6 6 6 6 6 6 6 6 5 5 5 5 5 5 5 6 6 6 6 6 6 6 6 6 6 6 5 5 5 5 5 5 5 6 6 6 6 6 6 6 6 6 6 6 5 
5 6 6 6 6 6 6 6 6 6 6 6 5 5 5 5 5 5 5 6 6 6 6 6 6 6 6 6 6 6 5 5 5 5 5 5 5 6 6 6 6 6 6 6 6 6 6 6 5 
5 6 6 6 6 6 6 6 6 6 6 6 5 5 5 5 5 5 5 6 6 6 6 6 6 6 6 6 6 6 5 5 5 5 5 5 5 6 6 6 6 6 6 6 6 6 6 6 5 
5 6 6 6 6 6 6 6 6 6 6 6 5 5 5 5 5 5 5 6 6 6 6 6 6 6 6 6 6 6 5 5 5 5 5 5 5 6 6 6 6 6 6 6 6 6 6 6 5 
5 6 6 6 6 6 6 6 6 6 6 6 5 5 5 5 5 5 5 6 6 6 6 6 6 6 6 6 6 6 5 5 5 5 5 5 5 6 6 6 6 6 6 6 6 6 6 6 5 
5 6 6 6 6 6 6 6 6 6 6 6 5 5 5 5 5 5 5 6 6 6 6 6 6 6 6 6 6 6 5 5 5 5 5 5 5 6 6 6 6 6 6 6 6 6 6 6 5 
5 6 6 6 6 6 6 6 6 6 6 6 5 5 5 5 5 5 5 6 6 6 6 6 6 6 6 6 6 6 5 5 5 5 5 5 5 6 6 6 6 6 6 6 6 6 6 6 5 
5 6 6 6 6 6 6 6 6 6 6 6 5 5 5 5 5 5 5 6 6 6 6 6 6 6 6 6 6 6 5 5 5 5 5 5 5 6 6 6 6 6 6 6 6 6 6 6 5 
5 6 6 6 6 6 6 6 6 6 6 6 5 5 5 5 5 5 5 6 6 6 6 6 6 6 6 6 6 6 5 5 5 5 5 5 5 6 6 6 6 6 6 6 6 6 6 6 5 
5 6 6 6 6 6 6 6 6 6 6 6 5 5 5 5 5 5 5 6 6 6 6 6 6 6 6 6 6 6 5 5 5 5 5 5 5 6 6 6 6 6 6 6 6 6 6 6 5 
5 6 6 6 6 6 6 6 6 6 6 6 5 5 5 5 5 5 5 6 6 6 6 6 6 6 6 6 6 6 5 5 5 5 5 5 5 6 6 6 6 6 6 6 6 6 6 6 5 
5 5 5 5 5 5 5 5 5 5 5 5 5 5 5 5 5 5 5 5 5 5 5 5 5 5 5 5 5 5 5 5 5 5 5 5 5 5 5 5 5 5 5 5 5 5 5 5 5